tree
version=v4
num_class=1
num_tree_per_iteration=1
label_index=0
max_feature_idx=5
objective=regression
feature_names=mom_5d mom_20d vol_20d rsi_14 macro_corr_60d macro_beta_60d
feature_infos=[-0.34005255775539966:0.50082430069329509] [-0.53816461808611438:0.49682322652183375] [0.0015239475285542016:0.089919696643757707] [0:99.889177698523042] [-0.36867409367845783:0.95771458332787585] [-0.54798731316672622:3.0514793534540798]
tree_sizes=2962 3090 3052 3066 3076 3076 3074 3045

Tree=0
num_leaves=31
num_cat=0
split_feature=2 0 2 4 3 5 4 0 5 5 5 0 5 4 4 4 2 0 4 2 2 5 4 0 3 4 4 2 2 4
split_gain=0.222966 0.154964 0.0633016 0.102138 0.0846989 0.0553423 0.0556837 0.0431291 0.0575332 0.0532257 0.0361844 0.0366766 0.0313728 0.0294448 0.0264606 0.0364379 0.0338936 0.0253219 0.0248173 0.0229131 0.0228634 0.0225427 0.0174964 0.0159438 0.0155313 0.0143307 0.0138968 0.0570768 0.0195426 0.0133574
threshold=0.048017842628764192 -0.021083547490118478 0.02986805417073821 0.84423113892329316 47.403806496361 1.2020477558742251 0.79442796486908174 -0.033658120420153863 1.4719331102664064 1.0380904091051961 0.73220867683233581 0.025894801906982682 1.2020477558742251 0.58778356238377005 0.61509094947488807 0.71345564287591945 0.034914488315237316 -0.073549539809360839 0.90226696852700938 0.012908861060463843 0.017194099447191021 1.0957106432026313 0.25216224432000667 0.040357842240846049 31.961389596078096 0.68527005816529374 0.80284094115894333 0.023478479739149342 0.022401057504394004 0.65143695710343275
decision_type=2 2 2 2 2 2 2 2 2 2 2 2 2 2 2 2 2 2 2 2 2 2 2 2 2 2 2 2 2 2
left_child=2 -2 7 5 -5 10 14 8 9 17 -4 -12 -3 -11 -7 -16 -17 -1 22 -15 -20 -21 23 -9 -19 -26 27 -23 -28 -10
right_child=1 12 3 4 -6 6 -8 18 29 13 11 -13 -14 19 15 16 -18 24 20 21 -22 26 -24 -25 25 -27 28 -29 -30 -31
leaf_value=0.0018868689028773283 0.0031369954880721943 0.0021196896333009708 0.0016737221216859613 0.00048157255256451952 0.0016135534181839451 0.0014328573802784663 0.0010534177433867416 0.0015671377792007136 0.0016641112321886553 0.0016073045719641359 0.002587555331195826 0.0018889599090790156 0.0013960292203990989 0.001626566409908461 0.002190693022485301 0.0012914174349851063 0.0020031140501341931 0.0016821274567337863 0.0020902343014529007 0.0008356527456186431 0.0015473877601722692 0.001358377756563216 0.0014600989442947313 0.0012710197559258761 0.001450636290895947 0.001738946552937586 0.0012977170330493208 0.0005877458790419011 0.0018197544582332498 0.0019516337579049531
leaf_weight=284 118 117 129 104 139 157 118 2169 240 428 155 120 100 182 196 123 118 788 107 101 201 514 34122 177 827 191 182 104 100 369
leaf_count=284 118 117 129 104 139 157 118 2169 240 428 155 120 100 182 196 123 118 788 107 101 201 514 34122 177 827 191 182 104 100 369
internal_value=0.00149108 0.00226201 0.001485 0.00168644 0.00112908 0.0018078 0.00164867 0.00147833 0.00156812 0.00152366 0.00208826 0.00228271 0.00178621 0.00139407 0.00176691 0.00188693 0.00163988 0.00162354 0.00146781 0.00131693 0.00173597 0.00126063 0.00146555 0.0015448 0.00158213 0.00150473 0.00130832 0.00122869 0.00148284 0.00183832
internal_weight=42780 335 42445 1359 243 1116 712 41086 4310 3701 404 275 217 1611 594 437 241 2090 36776 1183 308 1001 36468 2346 1806 1018 900 618 282 609
internal_count=42780 335 42445 1359 243 1116 712 41086 4310 3701 404 275 217 1611 594 437 241 2090 36776 1183 308 1001 36468 2346 1806 1018 900 618 282 609
is_linear=0
shrinkage=1


Tree=1
num_leaves=31
num_cat=0
split_feature=1 0 5 5 4 4 0 3 3 0 4 1 3 4 5 1 1 5 5 4 5 4 1 5 4 4 1 3 1 5
split_gain=0.101151 0.0577588 0.0489647 0.0406213 0.0282144 0.0258511 0.023795 0.0236529 0.0212233 0.0163588 0.0266457 0.0240327 0.0204031 0.0166213 0.0164907 0.023069 0.0209863 0.0181547 0.021963 0.0176688 0.0198501 0.016767 0.0163132 0.0162421 0.0195063 0.0308774 0.0162352 0.0177149 0.0205786 0.0146094
threshold=-0.21845056336294769 -0.034483014301597607 1.4719331102664064 1.0159313546115032 0.92998568289993411 0.57954112376374101 -0.073549539809360839 50.256354045600595 31.961389596078096 0.10895220455587575 0.72980278010042787 0.09887097119808376 66.365386312882364 0.25216224432000667 1.3522483625390482 -0.1327014247859962 -0.082258900218928718 1.6631573446227907 1.9124592605541308 0.80611607703093913 0.89130676796711017 0.55364771093649756 -0.0088480496104889044 1.6054906723261826 0.77099513387645213 0.65795038891621205 0.053558127568312915 51.162853533039431 0.015649540785791064 1.100828106180838
decision_type=2 2 2 2 2 2 2 2 2 2 2 2 2 2 2 2 2 2 2 2 2 2 2 2 2 2 2 2 2 2
left_child=-1 2 3 6 9 -5 -2 29 -8 11 -11 13 -13 -3 16 -16 -15 -17 21 20 -18 -19 -10 -4 25 -25 27 -21 -29 -7
right_child=1 4 23 5 -6 7 8 -9 22 10 -12 12 -14 14 15 17 19 18 -20 26 -22 -23 -24 24 -26 -27 -28 28 -30 -31
leaf_value=0.00070687664554376769 0.00040224216938071825 5.4652200918510837e-05 0.00049944131133707612 0.00015076372802474899 0.00042521167554971111 -0.0002959267006700032 0.00022623824995661031 -0.00046407475923143253 -8.0841520734616269e-05 -3.4499240899580424e-05 -0.00063698827118212928 0.00021476320682079568 2.1887325995119383e-05 -0.00016392914752505713 0.00045917207950593101 4.7953441777269396e-05 -1.6504769617691364e-05 0.00011806855077397895 7.3247416831519156e-05 0.00012112183003822594 -7.085839444467666e-05 -0.00020833250323934146 0.00018106659015579567 4.7793887140128964e-05 -0.00010941168753546663 0.00063380565593289034 0.00027052112319168891 -0.00025389694046345156 9.3631016777226579e-05 -2.1468664266895702e-05
leaf_weight=180 281 2259 282 429 129 213 722 156 616 191 101 656 1994 1156 105 3571 14228 169 592 714 10517 875 328 167 125 157 280 342 278 967
leaf_count=180 281 2259 282 429 129 213 722 156 616 191 101 656 1994 1156 105 3571 14228 169 592 714 10517 875 328 167 125 157 280 342 278 967
internal_value=-2.79065e-06 -5.78924e-06 9.65811e-05 5.23855e-05 -1.77092e-05 -5.18474e-05 0.000146875 -0.000116907 0.000103803 -1.92117e-05 -0.000242894 -1.74809e-05 6.96332e-05 -2.40605e-05 -2.94771e-05 1.89156e-05 -3.88198e-05 1.00378e-05 -7.2723e-05 -3.3333e-05 -3.96059e-05 -0.000155496 1.01604e-05 0.000321006 0.000208937 0.000331756 6.28399e-05 1.92486e-05 -9.80699e-05 -7.10107e-05
internal_weight=42780 42600 4443 3712 38157 1765 1947 1336 1666 38028 292 37736 2650 35086 32827 5312 27515 5207 1636 26359 24745 1044 944 731 449 324 1614 1334 620 1180
internal_count=42780 42600 4443 3712 38157 1765 1947 1336 1666 38028 292 37736 2650 35086 32827 5312 27515 5207 1636 26359 24745 1044 944 731 449 324 1614 1334 620 1180
is_linear=0
shrinkage=0.03


Tree=2
num_leaves=31
num_cat=0
split_feature=2 0 2 4 3 5 4 0 5 5 5 0 5 4 4 4 2 4 0 2 2 5 4 0 3 4 4 2 2 4
split_gain=0.205187 0.143266 0.0583051 0.0964751 0.0806892 0.0524761 0.0518833 0.0378599 0.0514408 0.0479813 0.0344578 0.0333831 0.029816 0.0263988 0.0249499 0.0342014 0.0321641 0.0226238 0.0223999 0.0216541 0.0215063 0.0205517 0.0155122 0.0149953 0.0136427 0.0135925 0.0130579 0.0538169 0.0183698 0.0121007
threshold=0.048017842628764192 -0.021083547490118478 0.02986805417073821 0.84423113892329316 47.403806496361 1.2020477558742251 0.79442796486908174 -0.033658120420153863 1.4719331102664064 1.0380904091051961 0.79308446530888876 0.025000193580910993 1.2020477558742251 0.58778356238377005 0.61509094947488807 0.71345564287591945 0.034914488315237316 0.90226696852700938 -0.073549539809360839 0.012908861060463843 0.017584156802068616 1.0957106432026313 0.25216224432000667 0.046904402221110704 31.961389596078096 0.68527005816529374 0.80284094115894333 0.023478479739149342 0.022401057504394004 0.65143695710343275
decision_type=2 2 2 2 2 2 2 2 2 2 2 2 2 2 2 2 2 2 2 2 2 2 2 2 2 2 2 2 2 2
left_child=2 -2 7 5 -5 10 14 8 9 18 -4 -12 -3 -11 -7 -16 -17 22 -1 -15 -19 -21 23 -9 -20 -26 27 -23 -28 -10
right_child=1 12 3 4 -6 6 -8 17 29 13 11 -13 -14 19 15 16 -18 20 24 21 -22 26 -24 -25 25 -27 28 -29 -30 -31
leaf_value=0.00036964498011796642 0.0015781595742737407 0.00060445609335613713 0.00026830206218513903 -0.00098889996313328765 0.00011596178922386799 -6.2464591904297159e-05 -0.00042680230679314075 6.5270484078352615e-05 0.00015886513778787047 0.00010600718079985767 0.0011716883977622551 0.00043632661152098859 -0.00010102128260041354 0.00013207085679363902 0.00067274847107613343 -0.00020034903602208942 0.00049295259486209064 0.00055153608082223512 0.00017674774705032004 -0.00062944509649313842 3.5036383414990269e-05 -0.00012939350288762304 -3.2090142755881321e-05 -0.00027900773684086741 -4.219611269026352e-05 0.00023858982097956042 -0.00018844502028474421 -0.0008776946557358874 0.00031768467157089616 0.00043252856075317442
leaf_weight=284 118 117 181 104 139 157 118 2226 240 428 118 105 100 182 196 123 118 117 788 101 191 514 34122 120 827 191 182 104 100 369
leaf_count=284 118 117 181 104 139 157 118 2226 240 428 118 105 100 182 196 123 118 117 788 101 191 514 34122 120 827 191 182 104 100 369
internal_value=-2.70693e-06 0.000736842 -8.54387e-06 0.000184786 -0.000356901 0.000302734 0.000147773 -1.49386e-05 6.9183e-05 2.71407e-05 0.000575832 0.000825442 0.000279351 -9.58926e-05 0.000261915 0.000378453 0.00013911 -2.47973e-05 0.000121976 -0.000168938 0.000231239 -0.000223667 -2.69598e-05 4.76603e-05 8.30297e-05 1.04857e-05 -0.00017813 -0.000255321 -8.96641e-06 0.000324681
internal_weight=42780 335 42445 1359 243 1116 712 41086 4310 3701 404 223 217 1611 594 437 241 36776 2090 1183 308 1001 36468 2346 1806 1018 900 618 282 609
internal_count=42780 335 42445 1359 243 1116 712 41086 4310 3701 404 223 217 1611 594 437 241 36776 2090 1183 308 1001 36468 2346 1806 1018 900 618 282 609
is_linear=0
shrinkage=0.03


Tree=3
num_leaves=31
num_cat=0
split_feature=2 0 2 1 0 5 5 5 5 5 0 3 1 2 3 5 2 1 2 5 2 1 5 3 5 0 0 5 0 3
split_gain=0.193061 0.134799 0.0548593 0.0543011 0.0460082 0.0436259 0.0413176 0.0409082 0.0280988 0.0280539 0.0272731 0.0219246 0.0177148 0.0240231 0.0173663 0.0184383 0.0248876 0.0173254 0.0215157 0.0312496 0.032718 0.0165421 0.0255234 0.0166463 0.0165281 0.0164901 0.0162491 0.0160197 0.0156919 0.0151883
threshold=0.048017842628764192 -0.021083547490118478 0.02986805417073821 -0.17527000706419307 -0.033658120420153863 1.4719331102664064 1.1376958881608712 0.72749993260891188 1.0380904091051961 1.2020477558742251 -0.06518761986473913 19.289533532656254 -0.069181824144832135 0.022598252153266826 31.961389596078096 0.94982086648714914 0.017102340748137781 -0.082258900218928718 0.022777579673285545 1.6631573446227907 0.024796453560870572 0.011689509180403236 1.4349342361345434 40.746991422575853 1.5944638230322481 -0.039092375352531954 0.039370014481668332 1.3906328652893494 0.080188365940824027 38.207462340458662
decision_type=2 2 2 2 2 2 2 2 2 2 2 2 2 2 2 2 2 2 2 2 2 2 2 2 2 2 2 2 2 2
left_child=2 -2 3 -1 5 8 7 -4 14 -3 -8 -10 -13 -14 -5 -16 -17 24 29 21 -21 23 28 -20 -6 -12 -9 -25 -23 -19
right_child=1 9 6 4 17 -7 10 26 11 -11 25 12 13 -15 15 16 -18 18 19 20 -22 22 -24 27 -26 -27 -28 -29 -30 -31
leaf_value=-0.00069584843691596423 0.0015308148361682316 0.00058632241703796743 -3.0224888822005139e-05 0.00020791369071369834 -0.00016547847615601061 0.00031835397506804313 -0.00036807372466060578 0.00076443838043761553 0.0002807323512113829 -9.7990629115520274e-05 0.00046196724422962256 -0.00023272186565517634 -7.80613599126838e-05 0.00034538852740437361 -3.0965563979206868e-05 2.0795950315086478e-06 0.00062749425301590232 2.2021632610962114e-05 0.00028732174167699493 0.00019166053551168219 -0.00045755599866251022 0.00035733179142907918 -0.00015549060238032218 -0.00017458900242638947 0.00020555057720146179 7.2883544015348896e-05 0.00029760923367430224 0.00019787416503350941 -5.1921072619512169e-06 -3.3666367931640131e-05
leaf_weight=105 118 117 127 962 1175 598 114 204 159 100 114 508 769 143 861 134 100 5217 161 115 178 598 136 349 119 700 100 148 131 28420
leaf_count=105 118 117 127 962 1175 598 114 204 159 100 114 508 769 143 861 134 100 5217 161 115 178 598 136 349 119 700 100 148 131 28420
internal_value=-2.62573e-06 0.000714737 -8.28756e-06 -1.44905e-05 -1.27447e-05 8.09e-05 0.000179242 0.000421967 4.18468e-05 0.000270971 6.65111e-05 -5.33407e-05 -9.07474e-05 -1.16652e-05 0.000114915 3.32116e-05 0.000269351 -2.35345e-05 -1.95991e-05 8.09836e-05 -0.000202744 0.000135568 0.000221801 2.22076e-05 -0.000131358 0.000127374 0.000610876 -6.36744e-05 0.000292187 -2.50293e-05
internal_weight=42780 335 42445 41086 40981 4234 1359 431 3636 217 928 1579 1420 912 2057 1095 234 36747 35453 1816 293 1523 865 658 1294 814 304 497 729 33637
internal_count=42780 335 42445 41086 40981 4234 1359 431 3636 217 928 1579 1420 912 2057 1095 234 36747 35453 1816 293 1523 865 658 1294 814 304 497 729 33637
is_linear=0
shrinkage=0.03


Tree=4
num_leaves=31
num_cat=0
split_feature=1 0 5 5 4 4 4 5 1 1 5 4 0 5 1 0 5 3 1 5 3 4 4 4 1 3 5 5 1 3
split_gain=0.0856903 0.049162 0.0227517 0.0298278 0.0279416 0.0278988 0.0214529 0.018319 0.0300759 0.0276966 0.0267108 0.0277757 0.0243237 0.019551 0.0272771 0.018662 0.0187427 0.0176476 0.0232787 0.0210016 0.0172036 0.0156098 0.0152455 0.014899 0.0147308 0.0142404 0.0128177 0.0205018 0.0127499 0.0248416
threshold=-0.21845056336294769 -0.046488287192378845 1.4719331102664064 1.0202854488390598 0.618920279664809 0.73722885301373642 0.91285902682258802 1.3522483625390482 -0.1327014247859962 -0.14168497158873203 1.6631573446227907 0.78101143286462327 -0.032836583136964019 0.86131775040847924 0.087711620955458161 0.094442391564190334 1.0805627269537761 57.002816943492469 0.057143021622370289 1.9124592605541308 34.21073830047952 0.55364771093649756 0.36942649344490913 0.64121799958158876 0.015091664854540833 66.822429498670246 1.7243843781467574 1.8742073544043605 -0.048397151238796836 46.75010352463611
decision_type=2 2 2 2 2 2 2 2 2 2 2 2 2 2 2 2 2 2 2 2 2 2 2 2 2 2 2 2 2 2
left_child=-1 2 3 20 -4 -6 7 9 -9 -3 12 17 -10 -11 22 16 25 18 19 21 -2 -12 -15 -24 -8 -16 -13 -28 29 -25
right_child=1 6 4 -5 5 -7 24 8 10 13 11 26 -14 14 15 -17 -18 -19 -20 -21 -22 -23 23 28 -26 -27 27 -29 -30 -31
leaf_value=0.00065063665645235841 0.00028344632169932649 -0.0004244932553133807 -6.2067314899840579e-05 -3.6874526372654278e-05 0.00078835305813513786 0.00022912885616334483 4.448647568310929e-05 0.00049101742106024175 0.00032187340730449094 -6.600209623461137e-07 0.00023148600306526263 -2.0328289475992719e-05 4.3532965531839738e-05 0.00016913601802912126 0.00048542640244608293 -0.00029081115201441178 1.4545927906137003e-05 -0.00013227099251629884 0.00045800534432348909 0.00019949863337310859 4.0306563041540783e-05 -0.00017998000496870158 -9.6849261227523181e-05 -6.6468248917588677e-05 0.00049852741218900083 0.00014541040971301908 -0.00067364287820075529 -0.00014580381802471284 -1.4849432585987928e-05 -0.00044334194181299227
leaf_weight=180 670 155 129 1019 136 196 136 125 303 17376 102 103 4190 256 151 118 876 700 119 331 430 445 6633 1165 122 417 135 130 5750 182
leaf_count=180 670 155 129 1019 136 196 136 125 303 17376 102 103 4190 256 151 118 876 700 119 331 430 445 6633 1165 122 417 135 130 5750 182
internal_value=-2.54695e-06 -5.30688e-06 0.000121622 8.00688e-05 0.000312622 0.000458209 -1.34897e-05 -1.5259e-05 3.00442e-05 -2.44117e-05 2.12577e-05 -6.80497e-05 6.23038e-05 -2.25281e-05 -4.69673e-05 7.19347e-05 0.000101577 -1.68135e-05 6.42499e-05 1.08821e-05 0.000188401 -0.000103253 -6.02467e-05 -6.45236e-05 0.000259188 0.000235802 -0.000304321 -0.000414703 -3.43114e-05 -0.00011739
internal_weight=42780 42600 2580 2119 461 332 40020 39762 6683 33079 6558 2065 4493 32924 15548 1562 1444 1697 997 878 1100 547 13986 13730 258 568 368 265 7097 1347
internal_count=42780 42600 2580 2119 461 332 40020 39762 6683 33079 6558 2065 4493 32924 15548 1562 1444 1697 997 878 1100 547 13986 13730 258 568 368 265 7097 1347
is_linear=0
shrinkage=0.03


Tree=5
num_leaves=31
num_cat=0
split_feature=2 3 2 4 1 1 1 3 5 4 1 4 4 2 5 2 1 3 2 5 1 3 2 5 4 3 5 5 2 1
split_gain=0.190019 0.102814 0.0518659 0.10219 0.110106 0.0895216 0.0796417 0.0465284 0.0323404 0.0387359 0.0373292 0.0334059 0.0289233 0.0286758 0.0174675 0.051377 0.0610318 0.0425325 0.0332387 0.0201984 0.0224956 0.0263144 0.0256929 0.0188401 0.0186241 0.0182581 0.0191054 0.0263634 0.02404 0.0177959
threshold=0.048017842628764192 54.824202060992896 0.02986805417073821 0.84423113892329316 -0.025517267837869503 -0.17527000706419307 -0.14168497158873203 24.437148018167978 1.1333670788091024 0.79442796486908174 -0.035265352592814152 0.61509094947488807 0.71345564287591945 0.034914488315237316 1.3522483625390482 0.025255976149487765 -0.024334237281271095 64.911572623553013 0.024796453560870572 0.87051305849967842 -0.044480484388444479 44.595472421236174 0.019569984879350584 1.7243843781467574 0.90226696852700938 41.382646884064251 1.6631573446227907 1.9124592605541308 0.020415349508967163 -0.063018859851157891
decision_type=2 2 2 2 2 2 2 2 2 2 2 2 2 2 2 2 2 2 2 2 2 2 2 2 2 2 2 2 2 2
left_child=2 -2 5 6 -5 -1 -4 -7 10 11 -8 -10 -13 -14 15 19 -17 -18 25 -9 21 -21 24 29 -22 -16 -27 -28 -29 -20
right_child=1 -3 3 4 -6 7 8 14 9 -11 -12 12 13 -15 18 16 17 -19 23 20 22 -23 -24 -25 -26 26 27 28 -30 -31
leaf_value=-0.00087788148153743 0.0010526702022061573 -9.1117297409858448e-05 0.0011052596058374654 -0.0010996390954110297 0.00017434064551101374 0.00012930746987200123 3.8351881116427283e-05 -8.7700308725555554e-06 -0.0001676560006341209 -0.00041439968780549759 0.0007268860011271852 0.00063814765927618588 -0.00023500498271979657 0.00045360499804950754 0.00015021695192205995 -0.00013570191135266045 0.00070807929526508215 0.00011711372706029112 -0.00040412242737942312 -9.4322704945092381e-05 -5.8900372649571745e-05 -0.00035189490091807929 8.5725330487062504e-05 -0.00041771611816414947 0.00033523132127761483 6.2602260593567919e-05 -0.00017068283669378846 -3.8292810512277139e-05 0.00043412723317036119 5.2530926189964343e-05
leaf_weight=107 236 101 102 106 144 2078 111 17135 154 108 196 177 105 113 1302 261 244 199 103 2102 10727 430 1310 203 109 3138 862 301 143 302
leaf_count=107 236 101 102 106 144 2078 111 17135 154 108 196 177 105 113 1302 261 244 199 103 2102 10727 430 1310 203 109 3138 862 301 143 302
internal_value=3.20252e-07 0.000709873 -5.32308e-06 0.000180066 -0.000365827 -1.12655e-05 0.000308089 -9.00102e-06 0.000223741 0.000104962 0.000477937 0.000207131 0.000353251 0.000121935 -1.63948e-05 -2.52846e-05 0.000228208 0.000442612 2.90993e-05 -3.08943e-05 -5.6722e-05 -0.000138065 -3.97649e-05 -0.000181837 -5.49358e-05 5.1419e-05 2.24733e-05 -7.39468e-05 0.00011386 -6.36056e-05
internal_weight=42709 337 42372 1316 250 41056 1066 40949 964 657 307 549 395 218 38871 32517 704 443 6354 31813 14678 2532 12146 608 10836 5746 4444 1306 444 405
internal_count=42709 337 42372 1316 250 41056 1066 40949 964 657 307 549 395 218 38871 32517 704 443 6354 31813 14678 2532 12146 608 10836 5746 4444 1306 444 405
is_linear=0
shrinkage=0.03


Tree=6
num_leaves=31
num_cat=0
split_feature=2 0 2 1 5 3 1 5 0 1 3 3 2 0 1 2 5 1 3 5 5 2 5 5 5 2 5 0 5 5
split_gain=0.178789 0.142028 0.0488006 0.0842309 0.0438529 0.0437786 0.0407871 0.0318433 0.0294318 0.019957 0.0224363 0.0218065 0.0279676 0.0178746 0.0261074 0.0288848 0.0515797 0.024819 0.029464 0.0229479 0.0221626 0.0170872 0.0168584 0.0165984 0.024899 0.0238782 0.0330045 0.0194729 0.0164394 0.0187693
threshold=0.048017842628764192 0.048215927084427908 0.02986805417073821 -0.17527000706419307 1.1333670788091024 24.437148018167978 -0.17527000706419307 0.79308446530888876 0.024525682928479568 0.044781134020564835 69.402426158860422 49.099013578477887 0.036738113131845933 -0.068938979552782428 -0.082258900218928718 0.025683594949569406 1.6325493903084589 -0.024334237281271095 64.911572623553013 1.5819883861909283 1.2574521502018898 0.0091152715624168747 0.87051305849967842 1.6631573446227907 1.9124592605541308 0.018140943342468168 1.7738003306827277 -0.001043679710990175 0.78276344116208307 1.3906328652893494
decision_type=2 2 2 2 2 2 2 2 2 2 2 2 2 2 2 2 2 2 2 2 2 2 2 2 2 2 2 2 2 2
left_child=2 6 3 -1 7 21 -2 -4 -9 11 -11 12 -6 -7 19 20 17 -17 -19 -15 22 -5 -16 -22 25 -25 -27 -26 -23 -30
right_child=1 -3 4 5 9 13 -8 8 -10 10 -12 -13 -14 14 15 16 -18 18 -20 -21 23 28 -24 24 27 26 -28 -29 29 -31
leaf_value=-0.00085154504210592432 0.0015428125523976632 -0.00014500420284750988 0.00011803160651421206 -3.1324057234393691e-05 0.00027486815991470051 0.00016470507810235132 0.00072180186952672948 0.00096379390226559731 0.00030997016697759789 0.00034305662334596074 -0.00011284929290706929 -0.00038457773801260252 -0.00033541596288509586 -0.0001871125042099472 -1.0024125511390537e-05 -4.2522292049220484e-05 -0.00027623478045679239 0.00056718914377465229 0.00010665494717665881 0.00021412271503367219 5.2849292670048361e-05 0.00033561210530268692 -5.6637155883911546e-05 -3.5344824762313559e-05 0.00033866895542970657 -7.6912604054431676e-05 -0.00063770241995179705 -3.4045961347031532e-05 6.4721667578022707e-05 0.00039515067402418459
leaf_weight=107 112 119 177 481 193 487 106 127 121 303 143 148 104 1247 16763 164 193 309 210 143 5746 413 11969 732 210 211 171 316 1001 183
leaf_count=107 112 119 177 481 193 487 106 127 121 303 143 148 104 1247 16763 164 193 309 210 143 5746 413 11969 732 210 211 171 316 1001 183
internal_value=3.10646e-07 0.000688577 -5.16339e-06 -1.09275e-05 0.000174664 -8.73098e-06 0.00114361 0.000425411 0.000644791 5.50589e-05 0.000196881 -8.70814e-05 6.1166e-05 -1.5903e-05 -1.81945e-05 -1.33986e-05 0.000156817 0.000279188 0.000380846 -0.000145834 -1.7527e-05 0.000125428 -2.94419e-05 2.88229e-05 -5.53574e-05 -0.000135681 -0.000327947 0.000114757 0.00017264 0.000115793
internal_weight=42709 337 42372 41056 1316 40949 218 425 248 891 446 445 297 38871 38384 36994 876 683 519 1390 36118 2078 28732 7386 1640 1114 382 526 1597 1184
internal_count=42709 337 42372 41056 1316 40949 218 425 248 891 446 445 297 38871 38384 36994 876 683 519 1390 36118 2078 28732 7386 1640 1114 382 526 1597 1184
is_linear=0
shrinkage=0.03


Tree=7
num_leaves=31
num_cat=0
split_feature=2 0 2 4 2 5 0 2 4 3 0 2 5 5 3 5 0 2 4 2 4 5 2 3 4 3 5 4 2 2
split_gain=0.168223 0.133634 0.0459165 0.0957406 0.0816963 0.0443216 0.0375248 0.0325222 0.0327018 0.0294724 0.0255436 0.035279 0.0303506 0.0276079 0.0294578 0.0234379 0.0208756 0.0292082 0.0178988 0.0177361 0.0166248 0.0299416 0.0155587 0.0149256 0.0155089 0.0147331 0.0124086 0.0132491 0.0123482 0.012168
threshold=0.048017842628764192 0.048215927084427908 0.02986805417073821 0.84423113892329316 0.034914488315237316 1.1871462533579826 0.038486002936873771 0.034914488315237316 0.71345564287591945 43.661933330456016 -0.029338544970303911 0.027115037665122833 1.4719331102664064 0.87051305849967842 29.631227062143484 0.79308446530888876 -0.0095785264205410763 0.038443415492119666 0.57954112376374101 0.011117394858591761 0.89122962649005677 1.1971065842251687 0.021627872578633862 43.103896811464999 0.72729468436325284 52.216918054278395 0.40590502027807396 0.59934592082888305 0.023478479739149342 0.021812144656277885
decision_type=2 2 2 2 2 2 2 2 2 2 2 2 2 2 2 2 2 2 2 2 2 2 2 2 2 2 2 2 2 2
left_child=2 9 10 5 -5 6 15 8 -7 -2 11 12 13 14 19 -4 -9 -18 22 -1 -12 -22 -15 -14 -25 28 -16 -28 29 -20
right_child=1 -3 3 4 -6 7 -8 16 -10 -11 20 -13 23 18 26 -17 17 -19 25 -21 21 -23 -24 24 -26 -27 27 -29 -30 -31
leaf_value=8.0552955553532104e-05 0.0014486449902324239 -0.00014065407498782705 0.00044372891649670362 0.00020549985396974078 -0.00088000127494048612 0.00024815334877121946 0.00010394110049765768 0.00068251320322115837 -0.00033318103660169254 0.00075074133254706538 -2.1924113677158461e-05 -0.00037175841959461375 0.00036124380925358772 4.660008624786266e-05 0.00030408719221941967 0.0010030945247874179 0.00054652674714281385 -0.00016137229874099525 -4.36407662757351e-05 0.00041141312888964295 -7.8543752553203791e-05 0.00043192692817737861 0.00044264479795019004 0.000281571139044058 -0.00020154919951488004 -0.00032284734043117616 -6.9621116946635945e-05 0.00020742999210189954 -0.00032532263254800525 0.00028319059022363614
leaf_weight=226 112 119 126 120 130 167 119 117 182 106 35342 172 424 769 133 145 102 108 1508 411 213 201 101 134 108 189 684 201 130 110
leaf_count=226 112 119 126 120 130 167 119 117 182 106 35342 172 424 769 133 145 102 108 1508 411 213 201 101 134 108 189 684 201 130 110
internal_value=3.01326e-07 0.00066792 -5.00849e-06 0.000169424 -0.000358961 0.000293341 0.000548019 0.000146412 -5.50067e-05 0.0011093 -1.05997e-05 5.08629e-05 6.50382e-05 3.68411e-05 0.000134025 0.00074302 0.000361381 0.000182464 -2.04584e-05 0.000294028 -1.97101e-05 0.000169293 9.25777e-05 0.00025395 6.59637e-05 -7.12284e-05 3.39059e-05 -6.69764e-06 -4.40225e-05 -2.14211e-05
internal_weight=42709 337 42372 1316 250 1066 390 676 349 218 41056 5300 5128 4462 1655 271 327 210 2807 637 35756 414 870 666 242 1937 1018 885 1748 1618
internal_count=42709 337 42372 1316 250 1066 390 676 349 218 41056 5300 5128 4462 1655 271 327 210 2807 637 35756 414 870 666 242 1937 1018 885 1748 1618
is_linear=0
shrinkage=0.03


end of trees

feature_importances:
macro_beta_60d=62
macro_corr_60d=46
vol_20d=43
mom_5d=30
mom_20d=30
rsi_14=29

parameters:
[boosting: gbdt]
[objective: regression]
[metric: l1]
[tree_learner: serial]
[device_type: cpu]
[data_sample_strategy: bagging]
[data: ]
[valid: ]
[num_iterations: 500]
[learning_rate: 0.03]
[num_leaves: 31]
[num_threads: 0]
[seed: 0]
[deterministic: 0]
[force_col_wise: 0]
[force_row_wise: 0]
[histogram_pool_size: -1]
[max_depth: -1]
[min_data_in_leaf: 100]
[min_sum_hessian_in_leaf: 0.001]
[bagging_fraction: 0.8]
[pos_bagging_fraction: 1]
[neg_bagging_fraction: 1]
[bagging_freq: 5]
[bagging_seed: 3]
[bagging_by_query: 0]
[feature_fraction: 0.8]
[feature_fraction_bynode: 1]
[feature_fraction_seed: 2]
[extra_trees: 0]
[extra_seed: 6]
[early_stopping_round: 0]
[early_stopping_min_delta: 0]
[first_metric_only: 0]
[max_delta_step: 0]
[lambda_l1: 0]
[lambda_l2: 0]
[linear_lambda: 0]
[min_gain_to_split: 0]
[drop_rate: 0.1]
[max_drop: 50]
[skip_drop: 0.5]
[xgboost_dart_mode: 0]
[uniform_drop: 0]
[drop_seed: 4]
[top_rate: 0.2]
[other_rate: 0.1]
[min_data_per_group: 100]
[max_cat_threshold: 32]
[cat_l2: 10]
[cat_smooth: 10]
[max_cat_to_onehot: 4]
[top_k: 20]
[monotone_constraints: ]
[monotone_constraints_method: basic]
[monotone_penalty: 0]
[feature_contri: ]
[forcedsplits_filename: ]
[refit_decay_rate: 0.9]
[cegb_tradeoff: 1]
[cegb_penalty_split: 0]
[cegb_penalty_feature_lazy: ]
[cegb_penalty_feature_coupled: ]
[path_smooth: 0]
[interaction_constraints: ]
[verbosity: -1]
[saved_feature_importance_type: 0]
[use_quantized_grad: 0]
[num_grad_quant_bins: 4]
[quant_train_renew_leaf: 0]
[stochastic_rounding: 1]
[linear_tree: 0]
[max_bin: 255]
[max_bin_by_feature: ]
[min_data_in_bin: 3]
[bin_construct_sample_cnt: 200000]
[data_random_seed: 1]
[is_enable_sparse: 1]
[enable_bundle: 1]
[use_missing: 1]
[zero_as_missing: 0]
[feature_pre_filter: 1]
[pre_partition: 0]
[two_round: 0]
[header: 0]
[label_column: ]
[weight_column: ]
[group_column: ]
[ignore_column: ]
[categorical_feature: ]
[forcedbins_filename: ]
[precise_float_parser: 0]
[parser_config_file: ]
[objective_seed: 5]
[num_class: 1]
[is_unbalance: 0]
[scale_pos_weight: 1]
[sigmoid: 1]
[boost_from_average: 1]
[reg_sqrt: 0]
[alpha: 0.9]
[fair_c: 1]
[poisson_max_delta_step: 0.7]
[tweedie_variance_power: 1.5]
[lambdarank_truncation_level: 30]
[lambdarank_norm: 1]
[label_gain: ]
[lambdarank_position_bias_regularization: 0]
[eval_at: ]
[multi_error_top_k: 1]
[auc_mu_weights: ]
[num_machines: 1]
[local_listen_port: 12400]
[time_out: 120]
[machine_list_filename: ]
[machines: ]
[gpu_platform_id: -1]
[gpu_device_id: -1]
[gpu_device_id_list: ]
[gpu_use_dp: 0]
[num_gpu: 1]

end of parameters

pandas_categorical:[]
